# Stellar mass histogram output file. It gives the generated number of stars in different mass range.
# The columns are:
# mass_range_center mass_range mass_range_upper_limit mass_range_lower_limit star_number_in_the_mass_range

149.05580594115438 1.8883881176912496 150 148.11161188230875 1836
147.1793045224066 1.8646147198043366 148.11161188230875 146.2469971625044 2066
145.3264268568721 1.841140611264649 146.2469971625044 144.40585655123976 2072
143.4968755391185 1.8179620242425756 144.40585655123976 142.5878945269972 2135
141.69035690782587 1.7950752383426334 142.5878945269972 140.79281928865456 2123
139.9065809986514 1.7724765800062983 140.79281928865456 139.02034270864826 2212
138.145261497687 1.7501624219225107 139.02034270864826 137.27018028672575 2201
136.4061156955031 1.728129182445258 137.27018028672575 135.5420511042805 2256
134.68886444177107 1.7063733250188307 135.5420511042805 133.83567777926166 2228
132.99323210045662 1.68489135761007 133.83567777926166 132.1507864216516 2269
131.31894650557757 1.6636798321480057 132.1507864216516 130.48710658950358 2311
129.66573891751847 1.6427353439702017 130.48710658950358 128.84437124553338 2327
128.03334397989516 1.622054531276433 128.84437124553338 127.22231671425695 2336
126.42149967696243 1.6016340745890432 127.22231671425695 125.6206826396679 2369
124.82994729155786 1.5814706962200802 125.6206826396679 124.03921194344782 2421
123.25843136357518 1.5615611597452812 124.03921194344782 122.47765078370254 2382
121.70669964896027 1.5419022694845523 122.47765078370254 120.93574851421799 2440
120.17450307922351 1.522490869988971 120.93574851421799 119.41325764422902 2424
118.6615957214618 1.5033238455344389 119.41325764422902 117.90993379869458 2501
117.16773473888387 1.4843981196214457 117.90993379869458 116.42553567907314 2463
115.69268035183248 1.4657106544813274 116.42553567907314 114.95982502459181 2546
114.23619579929746 1.4472584505886914 114.95982502459181 113.51256657400312 2497
112.79804730091317 1.4290385461798962 113.51256657400312 112.08352802782322 2582
111.37800401943437 1.4110480167776984 112.08352802782322 110.67248001104552 2539
109.97583802368459 1.393283974721868 110.67248001104552 109.27919603632365 2644
108.59132425197083 1.3757435687056443 109.27919603632365 107.90345246761801 2601
107.22424047595896 1.358423983318076 107.90345246761801 106.54502848429993 2675
105.87436726500384 1.3413224385921865 106.54502848429993 105.20370604570775 2658
104.54148795092843 1.3244361895586536 105.20370604570775 103.8792698561491 2688
103.22538859324644 1.3077625258053018 103.8792698561491 102.57150733034379 2708
101.92585794482278 1.2912987710420083 102.57150733034379 101.28020855930178 2742
100.64268741796619 1.2750422826711798 101.28020855930178 100.0051662766306 2776
99.37567105094885 1.2589904513635162 100.0051662766306 98.74617582526709 2741
98.12460547494747 1.2431407006392305 98.74617582526709 97.50303512462786 2854
96.8892898814006 1.2274904864545277 97.50303512462786 96.27554463817333 2779
95.66952598977673 1.2120372967931985 96.27554463817333 95.06350734138013 2897
94.4651180157484 1.1967786512634433 95.06350734138013 93.86672869011669 2862
93.2758726397668 1.1817121006997695 93.86672869011669 92.68501658941692 2922
92.10159897603202 1.1668352267698054 92.68501658941692 91.51818136264711 2901
90.942108541854 1.1521456415862303 91.51818136264711 90.36603572106088 2946
89.79721522739916 1.1376409873234223 90.36603572106088 89.22839473373746 2973
88.66673526581795 1.1233189358390234 89.22839473373746 88.10507579789844 3031
87.5504872037483 1.1091771883002508 88.10507579789844 86.99589860959819 3010
86.44829187219074 1.095213474814912 86.99589860959819 85.90068513478327 3031
85.35997235774974 1.0814255540670814 85.90068513478327 84.81925958071619 3129
84.28535397423755 1.0678112129572952 84.81925958071619 83.7514483677589 3073
83.2242642346352 1.05436826624738 83.7514483677589 82.69708010151152 3129
82.17653282340666 1.0410945562096998 82.69708010151152 81.65598554530182 3177
81.14199156916143 1.0279879522807818 81.65598554530182 80.62799759302104 3190
80.12047441766137 1.0150463507193308 80.62799759302104 79.6129512423017 3178
79.11181740516739 1.0022676742686372 79.6129512423017 78.61068356803307 3225
78.11585863212153 0.9896498718230617 78.61068356803307 77.62103369621 3315
77.13243823716056 0.9771909180988985 77.62103369621 76.64384277811111 3267
76.1613983714565 0.9648888133092015 76.64384277811111 75.6789539648019 3276
75.20258317338045 0.9527415828429042 75.6789539648019 74.726212381959 3413
74.25583874348513 0.9407472769477607 74.726212381959 73.78546510501124 3405
73.32101311980249 0.9289039704175082 73.78546510501124 72.85656113459373 3353
72.39795625345235 0.9172097622827522 72.85656113459373 71.93935137231098 3440
71.48651998455802 0.9056627755059168 71.93935137231098 71.03368859680506 3530
70.5865580184651 0.8942611566799172 71.03368859680506 70.13942744012515 3472
69.69792590225981 0.8830030757306702 70.13942744012515 69.25642436439448 3557
68.82048100158279 0.8718867256233693 69.25642436439448 68.3845376387711 3555
67.95408247773489 0.8609103220724279 68.3845376387711 67.52362731669868 3606
67.09859126507112 0.8500721032551013 67.52362731669868 66.67355521344358 3624
66.25387004867926 0.8393703295286485 66.67355521344358 65.83418488391493 3692
65.41978324233935 0.82880328315116 65.83418488391493 65.00538160076377 3695
64.59619696676089 0.8183692680057817 65.00538160076377 64.18701233275799 3708
63.78297902809372 0.8080666093285416 64.18701233275799 63.378945723429446 3809
62.9799988967097 0.7978936534394876 63.378945723429446 62.58105206998996 3750
62.18712768625134 0.787848767477243 62.58105206998996 61.793203302512715 3873
61.40423813294423 0.7779303391369652 61.793203302512715 61.01527296337575 3819
60.631204575169996 0.7681367764115095 61.01527296337575 60.24713618696424 3950
59.86790293329628 0.7584665073359318 60.24713618696424 59.48866967962831 3897
59.11421068976074 0.7489179797351326 59.48866967962831 58.739751699893176 3941
58.3700068694058 0.7394896609747477 58.739751699893176 58.00026203891843 4032
57.63517202006085 0.7301800377151508 58.00026203891843 57.27008200120328 4005
56.909588193369025 0.7209876156685056 57.27008200120328 56.54909438553477 4134
56.193138925855294 0.7119109193589637 56.54909438553477 55.83718346617581 4032
55.4857092202329 0.7029484918858202 55.83718346617581 55.13423497428999 4205
54.787185526945166 0.6940988946896454 55.13423497428999 54.44013607960034 4148
54.09745572593964 0.685360707321415 54.44013607960034 53.75477537227893 4284
53.41640910867169 0.6767325272144902 53.75477537227893 53.07804284506444 4220
52.743936360334686 0.6682129694595105 53.07804284506444 52.40982987560493 4310
52.07992954231389 0.659800666582079 52.40982987560493 51.75002920902285 4357
51.4242820748612 0.6514942683232903 51.75002920902285 51.09853494069956 4427
50.776888719988065 0.6432924414229859 51.09853494069956 50.45524249927657 4330
50.13764556457369 0.6351938694057608 50.45524249927657 49.82004862987081 4487
49.506450003685984 0.6271972523696547 49.82004862987081 49.19285137750116 4535
48.883200724112406 0.6193013067775013 49.19285137750116 48.573550070723655 4540
48.2677976880982 0.6115047652509062 48.573550070723655 47.96204530547275 4579
47.66014211728934 0.6038063763668262 47.96204530547275 47.35823892910592 4611
47.06013647687757 0.5962049044567124 47.35823892910592 46.76203402464921 4696
46.46768445994514 0.5886991294081412 46.76203402464921 46.17333489524107 4672
45.882690972006564 0.5812878464690101 46.17333489524107 45.59204704877206 4810
45.30506211574499 0.5739698660541421 45.59204704877206 45.01807718271792 4785
44.734705175940746 0.5667440135543487 45.01807718271792 44.45133316916357 4876
44.171528604589625 0.5596091291478871 44.45133316916357 43.89172404001568 4822
43.61544200620852 0.5525640676143269 43.89172404001568 43.339159972401355 5014
43.06635612332602 0.5456076981506826 43.339159972401355 42.79355227425067 4923
42.524182822155694 0.5387389041899624 42.79355227425067 42.25481337006071 5104
41.98883507844977 0.5319565832218913 42.25481337006071 41.72285678683882 5056
41.460226963530815 0.525259646616 41.72285678683882 41.19759714022282 5064
40.938273630499395 0.5186470194468527 41.19759714022282 40.678950120775966 5219
40.422891300615206 0.5121176403215202 40.678950120775966 40.166832480454445 5202
39.91399724984983 0.5056704612092346 40.166832480454445 39.66116201924521 5266
39.411509795608644 0.4993044472731327 39.66116201924521 39.16185757197208 5282
38.91534828361998 0.4930185767041948 39.16185757197208 38.66883899526788 5445
38.425433074989286 0.48681184055720195 38.66883899526788 38.18202715471068 5411
37.941685533416276 0.48068324258880324 38.18202715471068 37.70134391212188 5455
37.46402801257307 0.4746317990976152 37.70134391212188 37.22671211302426 5498
36.99238384364111 0.46865653876631796 37.22671211302426 36.758055574257945 5609
36.52667732300507 0.46275650250575495 36.758055574257945 36.29529907175219 5625
36.0668337001017 0.4569307433009797 36.29529907175219 35.83836832845121 5715
35.61277916542158 0.45117832605926367 35.83836832845121 35.38719000239195 5742
35.164440838661946 0.44549832745999396 35.38719000239195 34.94169167493195 5850
34.72174675702871 0.43988983580648267 34.94169167493195 34.50180183912547 5783
34.28462586368566 0.4343519508796163 34.50180183912547 34.067449888245854 5912
33.85300799634917 0.428883783793367 34.067449888245854 33.63856610445249 5969
33.42682387602642 0.42348445685212965 33.63856610445249 33.21508164760036 6078
33.006005095895446 0.41815310340982137 33.21508164760036 32.796928544190536 6052
32.59048411032514 0.4128888677307856 32.796928544190536 32.38403967645975 6147
32.18019422403352 0.4076909048524584 32.38403967645975 31.97634877160729 6209
31.775069581382446 0.40255838044969394 31.97634877160729 31.573790391157598 6258
31.375045155807143 0.3974904707009088 31.573790391157598 31.17629992045669 6326
30.980056739378792 0.39248636215579324 31.17629992045669 30.783813558300896 6405
30.590040932498503 0.3875452516047879 30.783813558300896 30.396268306696108 6444
30.20493513372104 0.3826663459501347 30.396268306696108 30.013601960745973 6551
29.824677529706683 0.3778488620785829 30.013601960745973 29.63575309866739 6491
29.44920708529954 0.3730920267357014 29.63575309866739 29.26266107193169 6739
29.078463533730815 0.36839507640174673 29.26266107193169 28.894265995529942 6668
28.71238736694538 0.36375725716912655 28.894265995529942 28.530508738360815 6838
28.350919826050124 0.3591778246213799 28.530508738360815 28.171330913739435 6784
27.994002891882587 0.3546560437136925 28.171330913739435 27.816674870025743 6966
27.641579275698284 0.3501911886549145 27.816674870025743 27.46648368137083 6924
27.29359240997529 0.3457825427910741 27.46648368137083 27.120701138579754 7143
26.949986439334587 0.34142939849033027 27.120701138579754 26.779271740089424 7035
26.610706211574723 0.3371310570293993 26.779271740089424 26.442140683060025 7245
26.27569726881932 0.3328868284814064 26.442140683060025 26.10925385457862 7235
25.94490583877605 0.32869603160513705 26.10925385457862 25.78055782297348 7359
25.61827882610563 0.32455799373570215 25.78055782297348 25.45599982923778 7386
25.295763803899504 0.32047205067655327 25.45599982923778 25.135527778561226 7566
24.977309005264782 0.31643754659288703 25.135527778561226 24.81909023196834 7488
24.66286331501515 0.31245383390637116 24.81909023196834 24.506636398061968 7721
24.352376261466368 0.3085202731911991 24.506636398061968 24.19811612487077 7649
24.04579800833504 0.3046362330714594 24.19811612487077 23.89347989179931 7849
23.743079346739414 0.3008010901197906 23.89347989179931 23.59267880167952 7838
23.44417168730086 0.29701422875731964 23.59267880167952 23.2956645729222 8023
23.149027052344774 0.2932750411548497 23.2956645729222 23.00238953176735 8031
22.8575980681997 0.28958292713529943 23.00238953176735 22.71280660463205 8133
22.56983795759336 0.2859372940773781 22.71280660463205 22.42686931055467 8155
22.285700532144453 0.2823375568204405 22.42686931055467 22.14453175373423 8373
22.005140184948935 0.2787831375705885 22.14453175373423 21.865748616163643 8361
21.728111883259686 0.27527346580791345 21.865748616163643 21.59047515035573 8468
21.454571161258265 0.2718079781949321 21.59047515035573 21.318667172160797 8515
21.18447411291772 0.268386118486152 21.318667172160797 21.050281053674645 8719
20.917777384955244 0.2650073374388029 21.050281053674645 20.785273716235842 8676
20.654438169873508 0.26167109272466504 20.785273716235842 20.523602623511177 8876
20.39441419908966 0.25837684884303513 20.523602623511177 20.265225774668142 8855
20.137663736150763 0.2551240770347576 20.265225774668142 20.010101697633385 9128
19.884145570034704 0.25191225519736093 20.010101697633385 19.758189442436024 9072
19.633819008535394 0.24874086780125992 19.758189442436024 19.509448574634764 9219
19.386643871731266 0.24560940580699153 19.509448574634764 19.263839168827772 9335
19.14258048553601 0.24251736658353096 19.263839168827772 19.02132180224424 9442
18.90158967533044 0.23946425382759529 19.02132180224424 18.781857548416646 9497
18.66363275967465 0.23644957748399875 18.781857548416646 18.545407970932647 9581
18.42867154409916 0.2334728536669708 18.545407970932647 18.311935117265676 9718
18.196668314974417 0.2305336045825186 18.311935117265676 18.081401512683158 9769
17.967585833457306 0.22763135845170268 18.081401512683158 17.853770154231455 10006
17.741387329513984 0.22476564943494282 17.853770154231455 17.629004504796512 9965
17.5180364960179 0.2219360175572227 17.629004504796512 17.40706848723929 10171
17.297497482922154 0.21914200863426814 17.40706848723929 17.18792647860502 10242
17.079734891505193 0.21638317419965603 17.18792647860502 16.971543304405365 10372
16.864713768688958 0.2136590714328115 16.971543304405365 16.757884232972554 10435
16.652399601428584 0.2109692630879394 16.757884232972554 16.546914969884615 10576
16.44275831117269 0.20831331742385117 16.546914969884615 16.338601652460763 10727
16.235756248393436 0.20569080813465135 16.338601652460763 16.132910844326112 10814
16.031360187185452 0.2031013142813176 16.132910844326112 15.929809530044794 10927
15.829537319932722 0.20054442022414243 15.929809530044794 15.729265109820652 11092
15.630255252042648 0.19801971555600595 15.729265109820652 15.531245394264646 11139
15.43348199674639 0.19552679503650872 15.531245394264646 15.335718599228137 11313
15.239185969964673 0.1930652585269268 15.335718599228137 15.14265334070121 11496
15.047335985238217 0.19063471092598583 15.14265334070121 14.952018629775225 11502
14.857901248722005 0.18823476210643797 14.952018629775225 14.763783867668787 11767
14.670851354242561 0.18586502685245065 14.763783867668787 14.577918840816336 11714
14.486156278417454 0.18352512479776628 14.577918840816336 14.39439371601857 12061
14.30378637583624 0.1812146803646595 14.39439371601857 14.21317903565391 11948
14.123712374302087 0.1789333227036476 14.21317903565391 14.034245712950263 12263
13.94590537013328 0.17668068563396488 14.034245712950263 13.857565027316298 12317
13.770336823523905 0.17445640758478653 13.857565027316298 13.683108619731511 12537
13.596978553962913 0.17226013153719855 13.683108619731511 13.510848488194313 12612
13.425802735710871 0.1700915049668854 13.510848488194313 13.340756983227427 12767
13.256781893333649 0.1679501797875549 13.340756983227427 13.172806803439872 13057
13.089888897292344 0.16583581229505562 13.172806803439872 13.006970991144817 12911
12.925096959588707 0.16374806311221768 13.006970991144817 12.8432229280326 13241
12.76237962946541 0.16168659713437705 12.8432229280326 12.681536330898222 13409
12.601710789160428 0.15965108347558754 12.681536330898222 12.521885247422635 13475
12.44306464971488 0.1576411954155077 12.521885247422635 12.364244052007127 13699
12.286415746833644 0.15565661034696632 12.364244052007127 12.20858744166016 13799
12.131738936798076 0.153697009724171 12.20858744166016 12.05489043193599 14043
11.979009392430196 0.15176207901158634 12.05489043193599 11.903128352924403 14086
11.828202599107684 0.14985150763344102 11.903128352924403 11.753276845290962 14317
11.679294350829018 0.14796498892388676 11.753276845290962 11.605311856367075 14485
11.532260746328191 0.14610222007776663 11.605311856367075 11.459209636289309 14618
11.387078185238302 0.1442629021020121 11.459209636289309 11.314946734187297 14930
11.243723364303467 0.14244673976765831 11.314946734187297 11.172499994419638 14984
11.102173273638414 0.14065344156245096 11.172499994419638 11.031846552857187 15094
10.96240519303516 0.13888271964405696 11.031846552857187 10.89296383321313 15406
10.824396688316195 0.13713428979386855 10.89296383321313 10.755829543419262 15473
10.688125607733578 0.13540787137136867 10.755829543419262 10.620421672047893 15673
10.55357007841334 0.13370318726910568 10.620421672047893 10.486718484778788 15908
10.42070850284469 0.1320199638681956 10.486718484778788 10.354698520910592 16058
10.289519555413383 0.13035793099441761 10.354698520910592 10.224340589916174 16427
10.159982178978755 0.1287168218748409 10.224340589916174 10.095623768041333 16412
10.032075581493832 0.12709637309500366 10.095623768041333 9.96852739494633 16684
9.905779232668008 0.12549632455664295 9.96852739494633 9.843031070389687 16713
9.78107286067172 0.12391641943593079 9.843031070389687 9.719114650953756 17182
9.657936448882623 0.12235640414226623 9.719114650953756 9.59675824681149 17170
9.53635023267271 0.12081602827756122 9.59675824681149 9.475942218533929 17473
9.416294696235902 0.11929504459605589 9.475942218533929 9.356647173937873 17682
9.29775056945556 0.11779320896462409 9.356647173937873 9.238853964973249 17899
9.180698824811447 0.11631028032360113 9.238853964973249 9.122543684649647 18108
9.065120674325609 0.1148460206480788 9.122543684649647 9.007697664001569 18346
8.950997566546716 0.11340019490970477 9.007697664001569 8.894297469091864 18576
8.838311183572383 0.11197257103896341 8.894297469091864 8.7823248980529 18740
8.727043438108943 0.11056291988791322 8.7823248980529 8.671761978164987 19111
8.617176470568275 0.10917101519342332 8.671761978164987 8.562590962971564 19134
8.508692646201144 0.10779663354083979 8.562590962971564 8.454794329430724 19467
8.401574552266656 0.10643955432813534 8.454794329430724 8.348354775102589 19688
8.29580499523734 0.10509955973049756 8.348354775102589 8.243255215372091 19917
8.191366998039408 0.10377643466536668 8.243255215372091 8.139478780706725 20366
8.08824379732777 0.10246996675791031 8.139478780706725 8.037008813948814 20353
7.986418840795345 0.10117994630693872 8.037008813948814 7.935828867641876 20732
7.885875784516255 0.09990616625124105 7.935828867641876 7.8359227013906345 20781
7.786598490322458 0.09864842213635416 7.8359227013906345 7.73727427925428 21428
7.688571023213408 0.09740651208174622 7.73727427925428 7.639867767172534 21312
7.591777648798331 0.09618023674840614 7.639867767172534 7.543687530424128 21809
7.4962028307707 0.09496939930685677 7.543687530424128 7.448718131117271 21934
7.401831228414494 0.09377380540555436 7.448718131117271 7.354944325711717 22389
7.308647694141868 0.09259326313969751 7.354944325711717 7.262351062572019 22675
7.216637271061808 0.09142758302042253 7.262351062572019 7.170923479551597 22698
7.125785190579402 0.09027657794438948 7.170923479551597 7.080646901607207 23235
7.036076870025333 0.08914006316374934 7.080646901607207 6.991506838443458 23391
6.947497910315212 0.08801785625649128 6.991506838443458 6.903488982186967 23817
6.860034093638386 0.08690977709716208 6.903488982186967 6.816579205089805 23961
6.773671381175829 0.08581564782795237 6.816579205089805 6.730763557261852 24244
6.688395910846777 0.08473529283015058 6.730763557261852 6.646028264431702 24848
6.604193995083725 0.08366853869595303 6.646028264431702 6.562359725735749 24883
6.521052118635432 0.08261521420063289 6.562359725735749 6.479744511535116 25269
6.438956936397589 0.08157515027505369 6.479744511535116 6.398169361260062 25530
6.357895271270797 0.08054817997853103 6.398169361260062 6.317621181281531 26106
6.2778541120455085 0.07953413847204427 6.317621181281531 6.238087042809487 26059
6.198820611313603 0.07853286299176787 6.238087042809487 6.159554179817719 26791
6.120782083406242 0.07754419282295455 6.159554179817719 6.082009986994764 26886
6.043726002357696 0.07656796927413634 6.082009986994764 6.005442017720628 27287
5.9676399998948035 0.07560403565164897 6.005442017720628 5.929837982068979 27642
5.892511863451735 0.07465223723448844 5.929837982068979 5.855185744834491 28002
5.818329534209755 0.0737124212494713 5.855185744834491 5.781473323585019 28433
5.745081105161663 0.0727844368467121 5.781473323585019 5.708688886738307 28629
5.672754819200598 0.07186813507541778 5.708688886738307 5.636820751662889 29197
5.601339067232904 0.0709633688599709 5.636820751662889 5.5658573828029185 29500
5.530822386314755 0.07006999297632799 5.5658573828029185 5.4957873898265905 29910
5.461193457812238 0.0691878640287058 5.4957873898265905 5.426599525797885 30356
5.392441105584599 0.06831684042657127 5.426599525797885 5.3582826853713135 30551
5.32455429419036 0.06745678236190589 5.3582826853713135 5.290825903009408 31169
5.257522127116021 0.06660755178677391 5.290825903009408 5.224218351222634 31573
5.191333845027056 0.06576901239115607 5.224218351222634 5.158449338831478 31802
5.1259788240409385 0.06494102958107728 5.158449338831478 5.0935083092504 32549
5.0614465740219 0.06412347045700084 5.0935083092504 5.0293848387933995 32576
4.997726736897153 0.06331620379249348 5.0293848387933995 4.966068635000906 33387
4.934809084994323 0.06251910001316574 4.966068635000906 4.90354953498774 33530
4.872683519399803 0.061732031175875335 4.90354953498774 4.841817503811865 34159
4.811340068337772 0.0609548709481853 4.841817503811865 4.78086263286368 34449
4.7507688855696335 0.06018749458809225 4.78086263286368 4.720675138275587 35265
4.690960248813587 0.05942977892400059 4.720675138275587 4.661245359351587 35369
4.63190455818411 0.05868160233495345 4.661245359351587 4.602563757016633 36110
4.573592334651078 0.057942844731110554 4.602563757016633 4.544620912285523 36362
4.516014218518285 0.05721338753447469 4.544620912285523 4.487407524751048 37004
4.459160967921121 0.056493113659854544 4.487407524751048 4.4309144110911935 37515
4.403023457343155 0.05578190749607703 4.4309144110911935 4.3751325035951165 37900
4.347592676151404 0.05507965488742528 4.3751325035951165 4.320052848707691 38653
4.292859727150032 0.05438624311531903 4.320052848707691 4.265666605592372 39030
4.238815825152262 0.05370156088021982 4.265666605592372 4.211965044712152 39444
4.185452295570268 0.05302549828376879 4.211965044712152 4.158939546428384 40203
4.132760573022812 0.05235794681114392 4.158939546428384 4.10658159961724 40582
4.080732199960417 0.05169879931364463 4.10658159961724 4.054882800303595 41136
4.029358825307849 0.05104794999149309 4.054882800303595 4.003834850312102 42028
3.978632203123677 0.05040529437685004 4.003834850312102 3.953429555935252 42331
3.928544191276727 0.049770729317049955 3.953429555935252 3.903658826618202 42961
3.879086750139181 0.04914415295804231 3.903658826618202 3.8545146736601597 43586
3.8302519412961384 0.048525464728042866 3.8545146736601597 3.805989208932117 44107
3.7820319262714217 0.04791456532139016 3.805989208932117 3.7580746436107266 44858
3.7344189652694224 0.04731135668260844 3.7580746436107266 3.710763286928118 45248
3.687405415932785 0.046715741990666526 3.710763286928118 3.6640475449374517 46250
3.640983732115733 0.04612762564343775 3.6640475449374517 3.617919919294014 46472
3.595146462672836 0.04554691324235538 3.617919919294014 3.5723730060516585 47544
3.549886250263029 0.04497351157725937 3.5723730060516585 3.527399494474399 48177
3.5051958301686805 0.04440732861143726 3.527399494474399 3.482992165862962 48503
3.4610680291295375 0.04384827346684883 3.482992165862962 3.439143892396113 49489
3.417495764191342 0.04329625640954182 3.439143892396113 3.3958476359865712 50070
3.374472041568948 0.042751188835246534 3.3958476359865712 3.3530964471513247 50670
3.3319899555237473 0.04221298325515521 3.3530964471513247 3.3108834638961695 51555
3.2900426872552293 0.041681553281879946 3.3108834638961695 3.2692019106142896 52205
3.2486235038064977 0.041156813615583765 3.2692019106142896 3.228045096998706 53095
3.2077257569835593 0.04063868003029247 3.228045096998706 3.1874064169684133 53757
3.167342882288227 0.040127069360373024 3.1874064169684133 3.1472793476080403 54777
3.1274683978644466 0.039621899487187306 3.1472793476080403 3.107657448120853 54940
3.088095903457899 0.03912308932590758 3.107657448120853 3.0685343587949454 56427
3.049219079388693 0.038630558812504656 3.0685343587949454 3.0299037999824407 56764
3.010831685536993 0.03814422889089597 3.0299037999824407 2.991759571091545 57918
2.972927560341417 0.03766402150025572 2.991759571091545 2.954095549591289 58466
2.935500619810046 0.03718985956248533 2.954095549591289 2.9169056900288037 59563
2.8985448565438823 0.03672166696984247 2.9169056900288037 2.8801840230589613 60020
2.862054338772599 0.036259368572724604 2.8801840230589613 2.8439246544862367 61465
2.8260232094024333 0.03580289016760663 2.8439246544862367 2.80812176431863 62045
2.7904456850760653 0.03535215848512996 2.80812176431863 2.7727696058335 63003
2.7553160552443288 0.03490710117834306 2.7727696058335 2.737862504655157 64020
2.7206286812496128 0.03446764681108805 2.737862504655157 2.703394857844069 64717
2.686377995420801 0.03403372484653566 2.703394857844069 2.6693611329975333 65849
2.6525585001796017 0.03360526563586275 2.6693611329975333 2.6357558673616706 66899
2.619164767158135 0.03318220040707187 2.6357558673616706 2.6025736669545987 67706
2.5861914363276215 0.032764461253954824 2.6025736669545987 2.569809205700644 68941
2.5536332151380483 0.03235198112519111 2.569809205700644 2.5374572245754528 69614
2.521484877668659 0.03194469381358722 2.5374572245754528 2.5055125307618655 70835
2.489741263789141 0.03154253394544826 2.5055125307618655 2.4739699968164173 71924
2.4583972783313746 0.031145436970084983 2.4739699968164173 2.4428245598463323 73005
2.427447890271605 0.03075333914945455 2.4428245598463323 2.4120712206968777 73783
2.396888131922914 0.03036617754792692 2.4120712206968777 2.381705043148951 75233
2.366713098137858 0.029983890022185378 2.381705043148951 2.3517211531267654 76533
2.3369179455211397 0.029606415211251402 2.3517211531267654 2.322114737915514 77395
2.307497891652196 0.0292336925266361 2.322114737915514 2.292881045388878 78770
2.2784482143175717 0.028865662142612436 2.292881045388878 2.2640153832462655 79546
2.2497642507529574 0.028502264986616233 2.2640153832462655 2.2355131182596493 81291
2.221441396894768 0.028143442729762658 2.2355131182596493 2.2073696755298866 81950
2.1934751066411446 0.02778913777748393 2.2073696755298866 2.1795805377524027 83713
2.1658608911222603 0.027439293260284714 2.1795805377524027 2.152141244492118 84503
2.138594317979811 0.02709385302461431 2.152141244492118 2.1250473914675037 86145
2.111671010655577 0.026752761623853427 2.1250473914675037 2.0982946298436502 87428
2.085086647688943 0.026415964309414175 2.0982946298436502 2.071878665534236 88625
2.0588369620232596 0.026083407021952443 2.071878665534236 2.0457952585122836 90054
2.032917740320938 0.025755036382691276 2.0457952585122836 2.0200402221295923 91479
2.007324822287166 0.025430799684852845 2.0200402221295923 1.9946094224447395 92783
1.9820541000021406 0.025110644885197653 1.9946094224447395 1.9694987775595418 94392
1.9571015172617057 0.024794520595672553 1.9694987775595418 1.9447042569638693 95581
1.9324630689262887 0.024482376075161127 1.9447042569638693 1.9202218808887082 97343
1.9081348002780383 0.02417416122133975 1.9202218808887082 1.8960477196673684 98718
1.8841128063860504 0.023869826562636254 1.8960477196673684 1.8721778931047321 100553
1.8603932314795881 0.023569323250288043 1.8721778931047321 1.848608569854444 101290
1.836972268329193 0.023272603050502383 1.848608569854444 1.8253359668039417 103739
1.8138461576355849 0.02297961833671347 1.8253359668039417 1.8023563484672283 104850
1.7910111874262586 0.02269032208193944 1.8023563484672283 1.7796660263852888 106544
1.7684636924596728 0.02240466785123174 1.7796660263852888 1.757261358534057 108457
1.7462000536369446 0.022122609794224646 1.757261358534057 1.7351387487398324 110143
1.7242166974209459 0.021844102637773144 1.7351387487398324 1.7132946461020593 111619
1.7025100952627155 0.02156910167868764 1.7132946461020593 1.6917255444233716 113522
1.681076763035092 0.02129756277655903 1.6917255444233716 1.6704279816468126 115160
1.6599132604734765 0.021029442346672145 1.6704279816468126 1.6493985393001405 117725
1.639016190623635 0.02076469735301134 1.6493985393001405 1.6286338419471291 118619
1.618382199296453 0.020503285301352037 1.6286338419471291 1.608130556645777 121069
1.5980079745295568 0.020245164232440604 1.608130556645777 1.5878853924133365 122666
1.577890246055707 0.019990292715259095 1.5878853924133365 1.5678950996980774 125111
1.55802578477789 0.019738629840374555 1.5678950996980774 1.5481564698577028 126686
1.5384114022510158 0.01949013521337406 1.5481564698577028 1.5286663346443288 128496
1.519043950170139 0.019244768948379898 1.5286663346443288 1.5094215656959489 131672
1.499920319865125 0.01900249166164758 1.5094215656959489 1.4904190740343013 132303
1.4810374418016787 0.018763264465245122 1.4904190740343013 1.4716558095690562 135605
1.4623922850886513 0.018527048960810033 1.4716558095690562 1.4531287606082461 136604
1.4439818569915528 0.018293807233386916 1.4531287606082461 1.4348349533748592 140098
1.4258032024521887 0.018063501845341 1.4348349533748592 1.4167714515295182 141995
1.407853403614343 0.017836095830350063 1.4167714515295182 1.3989353556991682 144334
1.3901295793554334 0.017611552687469834 1.3989353556991682 1.3813238030116983 146057
1.3726288848240604 0.017389836375275802 1.3813238030116983 1.3639339666364225 148676
1.3553485109833834 0.017170911306078063 1.3639339666364225 1.3467630553303445 151775
1.33828568416024 0.016954742340209217 1.3467630553303445 1.3298083129901352 149974
1.3214376655999431 0.016741294780383997 1.3298083129901352 1.3130670182097512 143832
1.304801751026686 0.01653053436613039 1.3130670182097512 1.2965364838436209 146175
1.288375270209476 0.016322427268289808 1.2965364838436209 1.280214056575331 148272
1.2721555865335372 0.01611694008358766 1.280214056575331 1.2640971164917434 150786
1.2561400965771075 0.015914039829271864 1.2640971164917434 1.2481830766624715 153243
1.2403262296935624 0.015713693937818185 1.2481830766624715 1.2324693827246533 155619
1.2247114475988017 0.015515870251703312 1.2324693827246533 1.21695351247295 158561
1.2092932439638282 0.015320537018243652 1.21695351247295 1.2016329754547064 160355
1.1940691440124576 0.015127662884497628 1.2016329754547064 1.1865053125702087 163299
1.1790367041240917 0.01493721689223415 1.1865053125702087 1.1715680956779746 165882
1.1641935114414932 0.014749168472963037 1.1715680956779746 1.1568189272050116 168383
1.1495371834834973 0.014563487443028489 1.1568189272050116 1.142255439761983 171280
1.1350653677626008 0.01438014399876475 1.142255439761983 1.1278752957632183 174450
1.1207757414073625 0.014199108711711705 1.1278752957632183 1.1136761870515066 176559
1.1066660107895607 0.014020352523891777 1.1136761870515066 1.0996558345276148 180048
1.0927339111560421 0.013843846743145427 1.0996558345276148 1.0858119877844694 182958
1.0789772062652063 0.013669563038525956 1.0858119877844694 1.0721424247459435 185698
1.065393688028067 0.013497473435752916 1.0721424247459435 1.0586449513101905 188417
1.0519811761538307 0.013327550312719927 1.0586449513101905 1.0453174009974706 191996
1.0387375177999387 0.013159766395063555 1.0453174009974706 1.032157634602407 194311
1.0256605872265154 0.012994094751783258 1.032157634602407 1.0191635398506238 198339
1.0127482854551637 0.012830508790920403 1.0191635398506238 1.0063330310597034 201536
0.9999985399320588 0.012668982255289118 1.0063330310597034 0.9936640488044143 203948
0.9874093041952835 0.01250948921826156 0.9936640488044143 0.9811545595861527 206500
0.9749785575463491 0.012352004079607237 0.9811545595861527 0.9688025555065455 209719
0.9627043047258539 0.012196501561383188 0.9688025555065455 0.9566060539451623 212904
0.9505845755932238 0.012042956703877006 0.9566060539451623 0.9445630972412853 214369
0.938617424810485 0.011891344861600595 0.9445630972412853 0.9326717523796847 217784
0.9268009315300179 0.011741641699333782 0.9326717523796847 0.9209301106803509 220167
0.9151331990862414 0.01159382318821911 0.9209301106803509 0.9093362874921318 222844
0.9036123546911797 0.01144786560190414 0.9093362874921318 0.8978884218902277 226144
0.8922365491338609 0.01130374551273372 0.8978884218902277 0.8865846763774939 228785
0.8810039564834993 0.011161439787989336 0.8865846763774939 0.8754232365895046 224622
0.8699127737964165 0.011020925586176178 0.8754232365895046 0.8644023110033284 222716
0.8589612208266499 0.010882180353356974 0.8644023110033284 0.8535201306499715 225242
0.8481475397402058 0.010745181819531213 0.8535201306499715 0.8427749488304402 228431
0.8374699948329094 0.010609907995061674 0.8427749488304402 0.8321650408353786 229898
0.8269268722518066 0.010476337167143912 0.8321650408353786 0.8216887036682347 233822
0.8165164797200739 0.010344447896321496 0.8216887036682347 0.8113442557719132 236756
0.8062371462653908 0.010214219013044867 0.8113442557719132 0.8011300367588683 238456
0.7960872219517316 0.010085629614273284 0.8011300367588683 0.791044407144595 241712
0.786065077614535 0.009958659060119834 0.791044407144595 0.7810857480844752 245250
0.7761691045992062 0.00983328697053798 0.7810857480844752 0.7712524611139372 248412
0.7663977145029115 0.00970949322205128 0.7712524611139372 0.7615429678918859 250514
0.7567493389196247 0.00958725794452242 0.7615429678918859 0.7519557099473635 254444
0.7472224291883812 0.009466561517964545 0.7519557099473635 0.742489148429399 255993
0.737815456144703 0.00934738456939177 0.742489148429399 0.7331417638600072 260928
0.7285269098751523 0.009229707969709566 0.7331417638600072 0.7239120558902976 262947
0.7193552994749753 0.009113512830644543 0.7239120558902976 0.7147985430596531 266936
0.7102991528087969 0.008998780501712433 0.7147985430596531 0.7057997625579406 269788
0.7013570162743282 0.008885492567224818 0.7057997625579406 0.6969142699907158 272944
0.6925274545690494 0.008773630843332936 0.6969142699907158 0.6881406391473829 276020
0.6838090504598282 0.008663177375109243 0.6881406391473829 0.6794774617722736 279386
0.6752004045554411 0.008554114433665161 0.6794774617722736 0.6709233473386085 282079
0.6667001350819556 0.008446424513305795 0.6709233473386085 0.6624769228253027 287271
0.6583068776609429 0.00834009032871974 0.6624769228253027 0.6541368324965829 284997
0.6500192850904805 0.008235094812204968 0.6541368324965829 0.645901737684378 282299
0.6418360271289136 0.008131421110928683 0.645901737684378 0.6377703165734493 285739
0.6337557902813377 0.008029052584223262 0.6377703165734493 0.629741263989226 289383
0.6257772775887689 0.007927972800914174 0.629741263989226 0.6218132911883119 292408
0.6178992084199701 0.007828165536683307 0.6218132911883119 0.6139851256516285 296822
0.6101203182658962 0.007729614771464721 0.6139851256516285 0.6062555108801638 300693
0.6024393585367274 0.007632304686872926 0.6062555108801638 0.5986232061932909 302324
0.5948550963614587 0.007536219663664356 0.5986232061932909 0.5910869865296265 308665
0.5873663143900116 0.007441344279229822 0.5910869865296265 0.5836456422503967 309139
0.579971810597837 0.0073476633051194895 0.5836456422503967 0.5762979789452772 315034
0.5726703980929782 0.007255161704598279 0.5762979789452772 0.569042817240679 318948
0.5654609049255628 0.007163824630232352 0.569042817240679 0.5618789926104466 322185
0.5583421738996937 0.007073637421506018 0.5618789926104466 0.5548053551889406 326149
0.5513130623877064 0.006984585602468396 0.5548053551889406 0.5478207695864722 329239
0.5443724421467669 0.006896654879410491 0.5478207695864722 0.5409241147070617 333379
0.5375191991377768 0.006809831138569811 0.5409241147070617 0.5341142835684919 337171
0.5307522333465589 0.006724100443866066 0.5341142835684919 0.5273901831246258 342171
0.524070458607294 0.006639449034663736 0.5273901831246258 0.5207507340899621 345664
0.5174728024281805 0.006555863323563171 0.5207507340899621 0.5141948707663989 343269
0.5109582058192887 0.0064733298942203366 0.5141948707663989 0.5077215408721786 342550
0.5045256231225822 0.006391835499192755 0.5077215408721786 0.5013297053729858 348694
0.49817402184407916 0.006311367057813322 0.5013297053729858 0.4950183383151725 349511
0.491902382488127 0.006231911654090927 0.4950183383151725 0.4887864266610816 350152
0.4857096983937631 0.006153456534637003 0.4887864266610816 0.48263297012644457 350856
0.4795949755731352 0.006075989106618773 0.48263297012644457 0.4765569810198258 349993
0.4735572325519569 0.005999496935737703 0.4765569810198258 0.4705574840840881 350048
0.46759550021197116 0.005923967744233871 0.4705574840840881 0.4646335163398542 348469
0.4617088216353966 0.005849389408915218 0.4646335163398542 0.458784126930939 349048
0.4558962519513332 0.005775749959211596 0.458784126930939 0.4530083769717274 348572
0.4501568581841007 0.005703037575253367 0.4530083769717274 0.44730533939647404 348210
0.4444897191034869 0.005631240585974362 0.44730533939647404 0.4416740988104997 347916
0.4388939250768805 0.005560347467238269 0.4416740988104997 0.4361137513432614 348289
0.4333685779232669 0.005490346839989113 0.4361137513432614 0.4306234045032723 345254
0.42791279076905986 0.005421227468424883 0.4306234045032723 0.4252021770348474 347659
0.42252568790575057 0.005352978258193697 0.4252021770348474 0.4198491987766537 345934
0.417206404649347 0.005285588254613505 0.4198491987766537 0.4145636105220402 340262
0.41195408720158355 0.005219046640913327 0.4145636105220402 0.4093445638811269 338132
0.40676789251287815 0.005153342736497479 0.4093445638811269 0.4041912211446294 337423
0.40164698814701394 0.005088465995230884 0.4041912211446294 0.3991027551493985 335909
0.3965905521475253 0.005024406003746429 0.3991027551493985 0.3940783491456521 336726
0.39159777290576536 0.004961152479773523 0.3940783491456521 0.3891171966658786 335716
0.38666784903063467 0.004898695270487807 0.3891171966658786 0.38421850139539077 335029
0.3817999892199501 0.004837024350881292 0.38421850139539077 0.3793814770445095 334762
0.3769934121334328 0.004776129822153363 0.3793814770445095 0.3746053472223561 335153
0.3722473462672951 0.004716001910122003 0.3746053472223561 0.3698893453122341 334628
0.3675610298304067 0.004656630963654762 0.3698893453122341 0.36523271434857935 333288
0.3629337106220194 0.0045980074531198345 0.36523271434857935 0.3606347068954595 334529
0.35836464591103134 0.0045401219688563366 0.3606347068954595 0.3560945849266032 331124
0.3538531023167712 0.004482965219663959 0.3560945849266032 0.3516116197069392 334712
0.34939835569128336 0.004426528031311716 0.3516116197069392 0.3471850916756275 329489
0.3449996910030948 0.004370801345065345 0.3471850916756275 0.34281429033056215 332010
0.34065640222244553 0.004315776216233247 0.34281429033056215 0.3384985141143289 331934
0.3363677922079634 0.0042614438127309695 0.3384985141143289 0.33423707030159794 327179
0.3321331725947664 0.004207795413663118 0.33423707030159794 0.3300292748879348 323965
0.32795186368397267 0.004154822407924252 0.3300292748879348 0.32587445248001057 325050
0.3238231943336026 0.004102516292815939 0.32587445248001057 0.32177193618719463 322021
0.3197465018508533 0.004050868672682673 0.32177193618719463 0.31772106751451196 322063
0.31572113188573003 0.003999871257563903 0.31772106751451196 0.31372119625694805 320852
0.31174643832601634 0.003949515861863373 0.31372119625694805 0.3097716803950847 321908
0.3078217831935669 0.003899794403035506 0.3097716803950847 0.3058718859920492 320283
0.3039465365419052 0.0038506989002879966 0.3058718859920492 0.3020211870917612 318871
0.3001200763551109 0.00380222147330056 0.3020211870917612 0.2982189656184606 321031
0.29634178844798037 0.0037543543409604974 0.2982189656184606 0.2944646112775001 318984
0.29261106636744344 0.003707089820113363 0.2944646112775001 0.29075752145738676 319154
0.2889273112952218 0.003660420324329894 0.29075752145738676 0.28709710113305686 319441
0.28528993195171265 0.0036143383626884296 0.28709710113305686 0.28348276277036843 316491
0.2816983445010823 0.0035688365385723175 0.28348276277036843 0.2799139262317961 317084
0.2781519724575547 0.003523907548482863 0.2799139262317961 0.27639001868331325 315471
0.27465024659287984 0.003479544180866878 0.27639001868331325 0.2729104745024464 318069
0.2711926048449667 0.0034357393149593296 0.2729104745024464 0.26947473518748705 315976
0.2677784922276669 0.003392485919640309 0.26947473518748705 0.26608224926784674 315274
0.2644073607416935 0.003349777052306435 0.26608224926784674 0.2627324722155403 308649
0.26107866928666207 0.003307605857756468 0.2627324722155403 0.25942486635778383 309144
0.2577918835742382 0.003265965567091189 0.25942486635778383 0.25615890079069265 308500
0.25454647604237934 0.0032248494966266583 0.25615890079069265 0.252934051294066 307452
0.25134192577065523 0.00318425104682149 0.252934051294066 0.2497498002472445 307079
0.24817771839663563 0.003144163701217728 0.2497498002472445 0.24660563654602677 306921
0.24505334603332943 0.0031045810253946815 0.24660563654602677 0.2435010555206321 306594
0.24196830718766396 0.0030654966659362515 0.2435010555206321 0.24043555885469584 307782
0.2389221066799903 0.0030269043494110803 0.24043555885469584 0.23740865450528476 304730
0.23591425556460194 0.0029887978813656346 0.23740865450528476 0.23441985662391912 303378
0.23294427105125415 0.0029511711453299727 0.23441985662391912 0.23146868547858915 304874
0.23001167642767123 0.0029140181018358635 0.23146868547858915 0.22855466737675328 302338
0.2271160009830295 0.002877332787447562 0.22855466737675328 0.22567733458930572 304822
0.22425677993240345 0.0028411093138045185 0.22567733458930572 0.2228362252755012 303388
0.2214335543421631 0.0028053418666761643 0.2228362252755012 0.22003088340882504 301209
0.21864587105631061 0.0027700247050288784 0.22003088340882504 0.21726085870379616 303555
0.21589328262374402 0.0027351521601043094 0.21726085870379616 0.21452570654369185 297635
0.2131753472264371 0.002700718634509519 0.21452570654369185 0.21182498790918233 303408
0.21049162860852302 0.0026667186013186184 0.21182498790918233 0.20915826930786371 302104
0.20784169600627095 0.00263314660318556 0.20915826930786371 0.20652512270467815 292295
0.205225124078944 0.0025999972514682834 0.20652512270467815 0.20392512545320987 295817
0.20264149284052807 0.002567265225363602 0.20392512545320987 0.20135786022784627 291234
0.20009038759231962 0.0025349452710533293 0.20135786022784627 0.19882291495679294 296612
0.19757139885636246 0.002503032200860955 0.19882291495679294 0.19631988275593198 290834
0.1950841223097225 0.002471520892418949 0.19631988275593198 0.19384836186351304 294210
0.1926281587195898 0.002440406287846475 0.19384836186351304 0.19140795557566656 291430
0.1902031138791977 0.0024096833929377615 0.19140795557566656 0.1889982721827288 292900
0.18780859854454868 0.002379347276360272 0.1889982721827288 0.18661892490636853 290577
0.18544422837193686 0.002349393068863337 0.18661892490636853 0.1842695318375052 289480
0.18310962385625695 0.002319815962496502 0.1842695318375052 0.1819497158750087 291523
0.1808044102700898 0.0022906112098377562 0.1819497158750087 0.17965910466517093 288975
0.17852821760355508 0.0022617741232317246 0.17965910466517093 0.1773973305419392 286615
0.17628068050492074 0.0022333000740369646 0.1773973305419392 0.17516403046790224 288847
0.1740614382219606 0.002205184491883283 0.17516403046790224 0.17295884597601896 288953
0.17187013454404992 0.0021774228639380444 0.17295884597601896 0.17078142311208092 286209
0.16970641774499007 0.0021500107341816954 0.17078142311208092 0.16863141237789922 287711
0.16756994052655283 0.002122943702692781 0.16863141237789922 0.16650846867520644 286339
0.16546035996273567 0.00209621742494151 0.16650846867520644 0.16441225125026493 284954
0.16337733744471872 0.0020698276110924507 0.16441225125026493 0.16234242363917248 285254
0.16132053862651444 0.002043770025316083 0.16234242363917248 0.1602986536138564 282105
0.15928963337130203 0.0020180404851087574 0.1602986536138564 0.15828061312874764 278044
0.15728429569843694 0.0019926348606214284 0.15828061312874764 0.1562879782681262 280603
0.1553042037311278 0.001967549073996794 0.1562879782681262 0.15432042919412942 279565
0.15334903964477206 0.0019427790987147087 0.15432042919412942 0.1523776500954147 279771
0.15141848961594173 0.0019183209589459793 0.1523776500954147 0.15045932913646873 278615
0.14951224377201172 0.0018941707289140408 0.15045932913646873 0.1485651584075547 276930
0.1476299961414222 0.0018703245322649609 0.1485651584075547 0.14669483387528973 275593
0.1457714446045671 0.0018467785414452709 0.14669483387528973 0.14484805533384446 277207
0.14393629084530074 0.0018235289770874297 0.14484805533384446 0.14302452635675703 275466
0.14212424030305532 0.0018005721074034475 0.14302452635675703 0.14122395424935358 275355
0.14033500212556074 0.001777904247585671 0.14122395424935358 0.1394460500017679 274174
0.13856828912216018 0.0017555217592154504 0.1394460500017679 0.13769052824255246 274407
0.1368238177177129 0.001733421049679107 0.13769052824255246 0.13595710719287335 274100
0.1351013079070777 0.0017115985715913107 0.13595710719287335 0.13424550862128204 273187
0.13340048321016923 0.0016900508222256472 0.13424550862128204 0.1325554577990564 271485
0.1317210706275802 0.0016687743429524005 0.1325554577990564 0.130886683456104 272703
0.13006280059676226 0.0016477657186834693 0.130886683456104 0.12923891773742052 272975
0.12842540694875845 0.0016270215773241392 0.12923891773742052 0.12761189616009638 271161
0.12680862686548044 0.0016065385892318484 0.12761189616009638 0.12600535757086453 270562
0.12521220083752369 0.001586313466681713 0.12600535757086453 0.12441904410418282 271094
0.12363587262251335 0.0015663429633389486 0.12441904410418282 0.12285270114084387 266609
0.12207938920397507 0.0015466238737376209 0.12285270114084387 0.12130607726710625 266645
0.12054250075072312 0.0015271530327662652 0.12130607726710625 0.11977892423433999 267117
0.1190249605767601 0.0015079273151597794 0.11977892423433999 0.11827099691918021 263981
0.11752652510168128 0.0014889436349978524 0.11827099691918021 0.11678205328418235 265782
0.11604695381157756 0.0014701989452095693 0.11678205328418235 0.11531185433897279 259861
0.11458600922043058 0.0014516902370843993 0.11531185433897279 0.11386016410188839 264891
0.11314345683199378 0.0014334145397892073 0.11386016410188839 0.11242674956209918 261131
0.11171906510215346 0.0014153689198914549 0.11242674956209918 0.11101138064220772 260558
0.11031260540176357 0.0013975504808882988 0.11101138064220772 0.10961383016131943 265824
0.10892385197994855 0.001379956362741741 0.10961383016131943 0.10823387379857768 260478
0.10755258192786793 0.0013625837414195235 0.10823387379857768 0.10687129005715816 257544
0.10619857514293726 0.0013454298284418104 0.10687129005715816 0.10552586022871635 261324
0.1048616142934995 0.0013284918704336984 0.10552586022871635 0.10419736835828265 260229
0.10354148478394105 0.001311767148683196 0.10419736835828265 0.10288560120959946 257342
0.10223797472024704 0.00129525297870485 0.10288560120959946 0.1015903482308946 261990
0.10095087487599014 0.001278946709808923 0.1015903482308946 0.10031140152108568 255099
0.09967997865874777 0.0012628457246758318 0.10031140152108568 0.09904855579640985 256782
0.09842508207694178 0.0012469474389361218 0.09904855579640985 0.09780160835747373 255305
0.09718598370709591 0.0012312493007556463 0.09780160835747373 0.09657035905671808 262385
0.09596248466150514 0.001215748790425894 0.09657035905671808 0.09535461026629219 249194
0.09475438855631237 0.0012004434199596459 0.09535461026629219 0.09415416684633254 258420
0.09356150147998676 0.0011853307326915585 0.09415416684633254 0.09296883611364098 253763
0.09238363196219904 0.0011704083028838963 0.09296883611364098 0.09179842781075709 250084
0.09122059094308851 0.0011556737353371482 0.09179842781075709 0.09064275407541994 252785
0.09007219174291717 0.0011411246650055579 0.09064275407541994 0.08950162941041438 242098
0.0889382500321056 0.0011267587566175519 0.08950162941041438 0.08837487065379683 238333
0.0878185838016464 0.0011125737043008732 0.08837487065379683 0.08726229694949596 235731
0.08671301333388971 0.0010985672312124883 0.08726229694949596 0.08616372971828347 230487
0.08562136117369691 0.0010847370891731156 0.08616372971828347 0.08507899262911035 227418
0.08454345209995717 0.0010710810583063612 0.08507899262911035 0.08400791157080399 219368
0.08347911309746278 0.0010575969466824209 0.08400791157080399 0.08295031462412157 213933
0.08242817332913843 0.0010442825899662778 0.08295031462412157 0.0819060320341553 207310
0.08139046410862016 0.0010311358510702445 0.0819060320341553 0.08087489618308505 229145
0.08043744809154252 0.0008748961830850471 0.08087489618308505 0.08 98045
